-6.482007561395763 -7.778193359848741
-1.7409563909136399 10.97887610370218
-1.1362795058484416 -13.335174259597837
8.130400684647965 -6.540598366012977
-8.952013663508223 4.781565660881918
2.452500107447579 12.284354733304337
10.841728040774417 1.8245844572984917
-7.48686820679371 -10.289071043902547
2.390683608662138 12.723680734194355
3.659803119173347 -9.341133386459536
4.635087869802998 -12.669446132680426
-5.789134441034789 9.090556598819791
11.263321928182966 -3.1031324252059966
8.753353710780384 5.769253672357326
7.485403686764004 -10.651453553699579
4.794624191083341 -12.77878983113988
-14.482113194479622 -3.354673020257743
-9.220956194160957 8.820246677792007
6.2644470782429265 -11.496644951547234
8.320346744130324 -9.840753633433303
-2.880249727308899 -9.815248174515954
1.5845233999485717 11.336741894926007
9.790069148231298 5.365484566026779
9.17228988334946 6.752643312619474
-7.781242794159929 -8.902979357812985
-7.5717103381299395 8.044702327070413
-1.5633662351180535 14.599807882407692
-7.797737037036212 -10.458700312158985
6.488116947282842 12.0044852226428
6.158688172338085 10.179182922939102
13.171410282564501 -0.8682853615579488
-12.57286100888522 -4.701277269711061
7.646069730044573 -11.584127304459109
1.333717517150653 10.072585696647943
-4.532746227394292 10.393287672931939
3.571276942666753 14.274590034987613
8.253641402558255 -8.112998576014885
-6.70539325836654 -9.925422227046104
10.564353242958836 -6.288342498806598
-1.0487110295803372 11.184077258970385
-10.483029404798835 -4.255124460182923
-12.490533540087332 -7.34309257072303
-8.952709179269993 6.556188996061377
12.54612971801638 -0.19412512728789266
8.610708244410691 5.5337907344731
10.140846349021666 8.3516497099115
3.1648289949814 -11.68996706803322
10.97199143370104 4.627976299127796
12.641816801700966 -0.3081431759541052
14.068375131645087 -2.5850210392243795
13.568229193724939 0.9804779472871705
-5.277292905416155 -11.534974686786578
-1.3933580561959962 13.131090353286776
9.30397041324408 7.850998675080992
-14.149155646323358 4.234041548927727
8.04505933536941 -7.959288295248742
-10.893185535749716 -0.040116046292283866
12.24361682935744 -7.489377038867668
-3.954584370446217 12.588193808817891
-8.338177302955032 -6.807548910563827
0.9970458507588303 -12.657687230958382
2.263366127679892 -12.447667108011116
11.620705261254734 0.041757200986898516
14.535965293492483 1.7877865033231222
10.242811025633278 -9.77461324285895
-3.637978145137803 9.625046222629424
10.614187840762977 -10.22016596291632
10.672913621361205 6.3712345289976
12.518263545580753 5.815168585170761
1.057029458392502 -10.58933163037104
-12.595575086304198 1.9720414245816955
-1.3566865819397642 14.297943590123095
-9.794219864184171 5.135614840692452
-13.235710315004534 -3.336025105848447
3.4922011978676637 11.018408963197036
13.24323723453897 -0.40374566090135006
-11.64776410100918 4.773289676040343
8.060467357412973 7.665560776287829
-6.802490102644168 11.009526736171326
1.3833952422796656 11.014551668550158
11.868283207832489 5.6755108133601375
1.916516060048881 14.400125085949355
6.5817768212111645 -7.9932138696186446
1.0048403694309043 13.307003996315089
2.375614070455932 10.393522179395209
11.814367815040018 -5.067275187350469
-13.71833724175616 2.379045349479527
3.8710807527503746 -10.245102421599102
9.969751499748849 6.953725715056765
-10.940225142236695 5.697959429015683
-1.7522823302921846 -13.251469982725078
10.440202424918914 -1.042167153562829
-9.574621177915228 6.718262148026737
7.257379296475797 -8.587306239390788
4.492028096478064 11.38922259182999
-10.04771111884607 5.370074550632353
0.01777526030496214 14.61631718791997
-13.403096182205656 5.003996424217083
-9.74463053189215 -3.188257867002973
14.179993816265434 -0.06392928933316787
14.355087886549603 -2.83232144193401
6.2946040732952255 -8.814791844315112
-11.02371976111738 0.997261373032135
-8.36672303339603 5.995618269445253
-10.814829532560864 10.287914487416073
-1.3277013625811867 13.856891318317281
-11.63417162756959 3.3793760473442362
14.441748149208838 -3.9686065077073573
-12.76611484169772 -4.665822610062862
6.466825958969342 9.489564421436818
12.64746756712669 -2.5190947683352802
-13.2598201324392 -3.6001961149881687
12.096346324277006 4.54177846176408
-14.261311999330893 -0.2554400515584853
8.132905099314103 12.369767479521478
9.573575244425134 5.271852240009173
-11.06142298162314 -7.520902658301219
0.9839751772350669 10.553661651312796
8.666602943676509 -7.1433240254581065
-10.854389423831462 -7.328793737891517
-11.290004014671105 6.278524652336273
-14.523447555101336 -2.09332070981841
3.849629284010546 13.02393188874157
0.8508441395395652 11.948673978410465
-5.432826773473672 -10.135781046692873
-5.557736746666384 12.586918481901497
11.036575670309395 5.410470426999682
14.979775883694744 -0.14547369358480466
9.913985479208426 4.915708714488625
-1.3986058321424764 14.59945773619685
10.547843632491292 -9.79785297582781
-7.3619952466739225 7.886558869471671
6.789104055635686 -11.68915177783601
-11.407511410100389 -9.641458283878066
-5.696108668622009 -8.26669140440133
4.705059641251378 -10.49004194100222
-7.60785137238478 -12.571926530777898
7.0300595526654 7.902798502856835
9.986296048841963 7.952840073471321
-1.822820480872727 12.895960072409055
-2.2267020096358445 -10.790636034669275
-7.526567357970381 -8.455256440639518
-14.488986493213751 1.045836296653248
5.9400927158286985 -8.611510928819934
-10.096032767857393 5.258511520003386
13.852157858417485 0.30865250720716675
-7.365981821902225 -8.582153111589596
-0.7026046255188027 -12.73904121310523
-9.02887964913728 4.41006120359928
12.83429033523003 6.564187190218223
31.435924385452818 -21.67462549028288
19.63415740779604 -33.39318623032895
19.065077647512958 25.590590316264155
-15.564402639828375 40.603823054997534
12.261933949763067 -41.12127563575381
26.687571412834167 -19.66652360692754
0.09319785215063457 31.54176663747058
8.137529686077974 -42.489799131483636
-32.702476253539984 21.813254360901126
24.80447499830393 36.279245339946215
29.439950746365575 -33.56031628134436
16.10546969204003 -40.10847414837006
40.551675418740054 6.366967099757327
-21.705962025379893 38.22995694587221
13.848144349917218 -40.66783764544573
12.665706602689713 -31.555058301179773
7.357630922173304 -30.753542567912664
29.775439906121434 -30.854872194364717
7.28113052412578 41.616657269979655
-33.50785887487418 8.535338538412256
9.391823910037624 -32.06687568402516
32.53397130546949 4.873378858268078
-20.286297630832998 37.87456439551101
33.44971102952781 -7.061108046349105
-22.68498624813309 -27.947165818811
37.77671183902434 -4.4953138942291
29.445599119337786 -11.821912117190431
32.11500230367088 -6.042525648209313
33.044779869971045 -7.9258146132017995
28.37017379688482 22.994149147136135
-4.664284588984809 -34.390297468509665
-29.589974268497514 -23.314453121048444
-29.02227125969893 25.523305208252733
-1.2054647321555767 40.61389344067812
43.881149727918114 0.46632561333657835
-39.60670975052617 -9.759658538780185
-2.0253081028977387 -40.00819746056544
-20.419298997715313 23.390817293553003
-17.936422845672567 -29.999949704876865
-16.69873406960126 39.321371577560555
-6.517885613494673 -33.8836352550289
-13.14772546853397 33.64843986752897
-28.16044662772294 19.817836101001745
25.301033986752305 26.039081809906726
37.37329268474286 -14.698437142037012
32.14149148447788 -22.497358448386137
-12.027063265702168 36.277350491335255
34.30359417117531 0.08749474292282204
-35.00501172105969 16.50216608293509
-20.839461288765108 -30.54266488466489
-31.036746450407026 11.803685680324413
-42.90156376145896 7.297062303147165
9.280910663312586 -31.194003703839943
32.501977031504865 19.165299951618113
-23.502309729783132 -25.97286814564791
17.199935543860956 -37.51177753651543
-15.559821659334187 -29.51987162593543
9.541468520668287 28.8284141486399
1.2029006738808132 37.107553308257394
18.2341860184774 -25.18438515185673
-33.882509260644824 20.199019943818957
13.835310782711442 38.0053625226347
-33.63876241385123 1.1889282590869652
-16.743476381340418 -24.99306409023443
0.25179504737097064 -41.54992988913042
28.519832899001642 22.58139267985664
19.922767268815637 39.645113740413926
-30.55772291017272 -3.462591741465075
0.21522041505405146 42.724503138046884
-40.458716383553316 11.352428739540573
-22.186641538623284 -38.941503980100826
-36.52797136332349 -24.976436668217815
30.41884256424103 -24.70897110300662
-7.208515451746861 -36.87367458435183
18.531351719758202 -33.424700233483556
32.86551263379836 -24.770511621852293
-33.45974319485943 5.369686879288864
0.6861495598679946 39.55897137400195
3.751576914470663 -37.63296478544117
-23.85925916911262 -24.38932757670795
30.302397517975844 16.040235973433678
-4.732802882166399 34.47226980177848
-31.060252988228257 -8.006591058272239
4.746703249159709 40.129491228786954
-8.37305249341881 -29.809833281475242
-31.8900640141321 20.919366262696553
-28.574361266599894 16.711745370340868
-38.20185375145801 20.956809194924936
-34.920716525916 -20.380345819756727
25.78099408589317 -32.500089997109555
-21.982777481229395 20.54438588256447
-24.644546762991666 33.14380785786234
26.810026224556747 -35.26813598395299
-35.99221911770909 20.076097529669315
-37.419849619967486 -11.16076896233436
6.127450845950817 32.72257071779716
-27.995307990924754 11.940461359772481
-20.701890546761064 34.444694900890156
-26.781375668551142 18.369189479265366
-31.246850685372195 6.493406817136826
-21.866554097300217 -21.12551150311742
-30.248300898002608 23.762663936715608
39.06787932966826 6.717818667135198
24.29728655227727 27.805263761054192
33.920157140722914 11.088433558556645
8.3268178898469 33.89486198172841
2.5159190028259255 -35.598096862441096
0.5364128267497287 -42.47547729656541
-0.44569356718502623 31.22541286671514
37.80914007141923 4.627631659278123
35.24939924461513 -0.020414006489325637
-24.490949565484282 -33.77315911395745
-23.913510327918555 -33.689006305083176
31.35078100501094 -10.271109865946181
32.021399375079696 4.122945380671951
28.09584257804448 28.530264589232665
-30.618112108842297 -13.014942160918322
-12.957898209608878 -39.42880949881794
19.315002001042185 34.00620655027342
-0.4133851759602021 -31.715299101982637
18.757887895597893 -40.32114489519916
23.64187601096544 19.087185294732766
-15.242027039366002 37.15539022769665
34.71545582489061 -9.339509734422794
-6.790161113010782 -30.39062391039602
-14.365725678413927 -36.69695507685003
33.35035005697683 24.844525734990157
22.985357377542684 -31.51436138783986
32.42310907021728 30.854344894773675
7.169063021923789 -34.47044787147784
-32.01838528442813 15.467204550011482
-35.093840020790466 -1.3149755804550636
24.792455109997587 -34.31593401235562
34.999852888626606 27.338973588327914
-27.9426672480414 -31.930612014365696
-9.682251347773157 -35.22589213029977
-4.521218214135118 -44.25173823997615
-5.30104522798406 41.78809712471859
-36.186081994921786 -8.849487923629376
-37.65466054192711 16.133504910500253
-4.933124209692493 42.49028799164488
15.20468516262211 -27.358801333081335
24.77044033522519 -22.787781609671196
-38.19628709883591 8.611374062150569
-22.050147727996613 20.971559631744302
19.39496851755321 -26.361541262159662
9.894558678679367 40.78440308941495
-23.22790117989689 36.429648963182316
-10.309271059519652 -32.550478057023156
44.131022473255605 2.818558501275682
