24.121873753851375 -5.15132342188652
0.48806330120982366 13.86087566001436
47.81410994373273 -16.173248357403658
90.01081433685982 -3.188307455762171
5.886989922813078 8.56969033326877
-3.1303956464971243 14.231893984083943
-1.6467967976116764 24.0268068384255
28.523223133032445 -11.386523457093638
-3.8663854478430206 13.496360239331375
62.432227919437935 -10.770217202671205
68.1232989118833 -15.626654841449053
2.5462402575825402 11.416348932630271
109.1639052183214 11.589611336539239
-0.2674839074514903 21.92072997039655
80.99953490024014 -11.882900900999395
68.85615347587046 -15.779638335444844
13.953326340671298 -9.584891933649338
1.9943256006921306 5.0488567828044495
75.06131761433244 -13.641581720268675
85.52563561406983 -10.046230332137
35.620586775516614 -9.219185072702231
-0.9706549697405435 15.45606147751427
-1.8950494176872485 21.954155185568624
-2.3008111858342346 20.96039526579736
25.267049002498446 -8.6198307110769
3.2192292962321565 9.30608999248003
-5.399360144513903 7.863620549764729
28.552111211467224 -11.972942725151569
-6.326029241561727 15.265818953076415
-2.824516396130539 17.77008481468957
116.17807010950116 21.504059995108225
15.865582381327169 -7.434011764274018
81.24891720447442 -13.342184825643066
1.3713530809004961 17.438565201350933
1.1536848395697152 11.49091042762121
-7.430343385299135 11.393230877159212
87.51448595062938 -6.718058052858222
28.65008118101684 -10.106796247191603
100.91282164129544 -0.009871437556768115
0.09218054416635724 14.119680115001863
15.415110168827024 -2.7387267289633073
19.961325843280502 -11.599438432677431
4.317564658713075 7.622690607847677
114.82336765498236 24.189087301914782
0.2966601195798422 22.150831703351663
-6.190656194420622 19.19115712695653
61.15253904490565 -14.145458663331873
-3.7110222297716753 22.22665899330557
115.04018282363359 23.72001747023965
117.35673482371388 15.218640151456935
-7.919884430823384 24.353372734133952
34.366422319658 -12.943143521171187
-3.0324925023351117 10.511446688998985
-3.9971452980638134 19.883480326407966
5.7243704582641115 -4.20227863756978
86.77677699510076 -6.561220826652455
10.042069061587267 2.1529006821044376
105.12616771242364 -1.7871153398116526
-1.9366430727399333 8.738298259781097
20.5406005170735 -4.577531086817231
53.60891138584437 -15.308919159933602
58.142981102708205 -15.178504780468138
-3.1685024110202047 24.976340591448917
-10.401792530165721 23.750095048008056
94.04186480659038 -8.665507815867166
2.3675856926274506 13.955767961280515
95.08764843151728 -9.305578757341543
-4.796639102134312 20.919430160143037
-8.124013576765066 20.995855181637346
50.883767923364886 -12.005920679111377
7.99805320896268 -0.728935559719325
-4.957328986442242 8.556234084237595
5.41486558015784 6.382019877201557
13.95531106708032 -6.876254214295287
-1.6131174935808712 16.498244256104456
116.4719549082829 23.377375374903426
5.454922956543125 1.9230711940078216
-1.5662664456280488 20.378329295568975
-0.04439639186603195 6.986791479902763
-0.3095832850394693 15.904273298828057
-6.593770121007907 21.23645772004372
-6.51385906799954 10.538361244748256
79.32978377532136 -7.72116846625336
-4.130115389817352 11.896651599352985
0.27644384038367775 17.248166517935815
107.62112013748045 4.948056917457659
7.557801988249295 -3.3751867355271266
63.651301790566386 -12.081444327974651
-4.078499399591941 20.575232067392356
4.70779590460987 3.382103962861162
45.92284307387116 -15.9857351251271
109.40141866487018 20.051048655566003
4.021821126182073 6.072092406639808
81.93631261718046 -8.390112240258063
-3.1306820300106732 16.063794202850396
5.160110513378762 5.676367919544418
-5.946765103463367 9.072616354746643
5.044741582989625 -2.4399529310691506
13.90762416358504 0.4903776540600795
118.75263548507742 24.754850267868978
117.89098488523804 14.457937568141135
76.7394543441963 -9.35063147159579
8.99148651687733 2.6582743369940367
4.977317056836708 9.368123952153562
0.08650062105770395 0.19544966957549903
-4.238653447372586 9.331856477273618
6.730459398498899 2.02268046548917
117.01595469946805 10.563540150824089
15.79907567187126 -7.760127260424625
-2.05420659677314 18.627473898244826
113.70918953558962 14.77216840227756
14.303071091756234 -7.270914127067513
-6.130763417408939 22.071524654064618
10.27829609492526 -6.077238744880585
-9.039755873518093 14.7318999612656
-1.3477700882276036 22.082151764655485
20.664974299512103 -9.653441123450285
0.662269765883126 16.49237915292543
91.2203696783546 -4.1583454620973725
20.397996705074164 -8.981786899772715
4.108564787652639 2.2841511965731875
12.387428281365175 -8.299098745416813
-5.453903291209926 13.453024042856295
-1.7118795638464501 14.09244719225478
30.958734606346994 -10.013613142093497
-1.9975498061602632 6.587440937301253
-4.562131872758625 21.62260061890136
120.66959914614465 24.46263762851243
-1.693797943304073 22.260058620112623
-5.442784127362696 8.007120589859095
95.28483665044143 -8.499108540634744
3.443413376941086 9.910170378751786
77.39885223850611 -13.796623330837704
24.331094002044132 -14.157324176096694
26.235853154735807 -5.904115932425441
67.77722136447099 -12.408172971516777
33.241098690777605 -16.229531101234983
-0.27100482751096955 20.38997295523066
-5.37927251143393 19.624355315954627
-2.5707783849325114 10.527408298186753
39.58055754742396 -11.307894291076465
24.548654446109907 -7.4284694217536185
8.889364176893425 -5.813466188592731
75.09489216812214 -9.177512323177488
5.250784562022486 5.600887032286057
-8.531326187139094 24.793568966470485
24.973454592213166 -7.583969635554162
48.012289733858424 -15.166577642242721
6.1824753688575225 8.48599146734249
-9.50170618775563 20.30225010175812
33.307228066241905 23.310222261108024
34.48556014492922 29.59623359963592
128.60071390271247 49.43790366133466
97.7653675131387 69.92123002401279
32.513311686918264 35.48644245104846
38.177279480418875 22.17222981939461
104.26657413559374 59.13597096677874
33.03904233235923 37.28746498866612
74.9090103145413 64.21932235778013
137.8015794849988 56.05414028712001
28.249984830239917 29.383056272999774
31.58412962467084 34.21086049255254
156.07506348545644 22.496393383822614
92.29077252267206 70.46636951181694
32.185395889442404 34.91159354842384
39.22229133585184 29.04912846096324
41.80327645998743 29.356776064683324
29.630338693891744 27.89739931929522
118.94317313529046 64.52597054319861
65.20203017543355 56.496184148729526
40.15092860232028 29.869441896185556
148.00244010766897 21.554534818571597
92.70279040177469 69.61458318958678
36.55505480041012 17.44759975599559
46.17154240189727 44.03536399772493
32.654276938064754 16.621309594011247
39.147263981114534 19.02969006118045
38.041676447898425 17.04779326982733
36.77977359723212 17.745756586076613
141.07006126720987 43.728254473981956
41.73715442801727 35.90700384894665
48.38948623757783 48.495895416582805
78.67314558018748 64.50895428845953
109.3743747078887 65.86160391168715
159.54684478735567 15.528927947254923
54.89581764721319 57.04725672512996
37.446353027353226 38.724244816582754
79.68224898218728 58.3086118051932
45.10437175979512 41.260750312965484
95.96907796728027 69.35327498933322
42.28156628687229 36.45160438493886
93.36506662564685 63.85865705982032
74.16988986169882 59.75605426112473
137.0920831139224 47.58368863615097
30.85732764743619 20.52476230691656
32.32643174789648 23.722788510693107
96.47862364095087 65.52489582155388
149.9697868529205 15.11473827683371
70.61621414363455 62.415942880839616
44.77645719231087 43.81668095637282
67.58923280796444 56.30485486562467
64.18309588484445 64.54050046601834
40.8268255405907 29.299336496872215
146.3487387939938 38.562736010036154
47.197572588629164 43.85040581924364
32.89532594781074 32.390055432292094
45.390492577437776 39.21537952197828
115.4151823952907 55.03051667206521
109.38990688561071 62.81479761108174
40.839616796582646 24.782599606406308
73.48602231617878 63.95863254414741
124.78991305953431 60.363592524988576
60.67541279176413 53.231312117604176
47.92486197697798 37.62380649303536
35.89800540339022 38.95637763590469
141.27870139932088 43.28151598553831
132.8281865534445 59.90870026333721
58.10201808785319 48.60695548672507
112.27249468674131 67.0098404319107
66.7609899694823 64.12131417956665
39.937272687806725 49.52110151447171
47.425304641688605 55.66896595423229
32.59025151449587 24.72963709400566
40.35514550106234 38.85713618510924
35.0622049369387 29.68804726476438
30.61035434650246 24.835087453849965
63.17670126098885 54.84278093328401
110.53059460389139 64.66174291135854
37.85249429923004 35.04942908088788
48.00635166116897 43.51125724041813
144.12140892719756 35.891196027187846
101.23569166307152 62.28388462354482
55.78128301686412 48.26663487464836
115.24980488246314 64.09976512798653
45.08107666705465 34.68672558992631
74.35056550698843 63.03965167950146
71.58838648089477 57.76845254870154
73.49664883190538 67.66454293585724
49.727816159367976 52.980004942300575
31.363423900147087 28.83620765587537
76.46394463784816 56.729047895547616
86.5963620909701 67.91913404508477
28.941748080051 30.403513358001955
73.11498540949967 65.43519268389561
54.20361514877565 54.71425795345103
112.54882409077592 58.62217234080776
67.96600441598528 53.98166437590924
89.51033103393362 67.16638170099446
73.26387991494856 57.78786233816193
63.945250786210494 53.37539335672546
49.724875437110015 40.42383689519386
76.9361805342586 63.974128983986844
154.54845938937518 23.06970491798232
135.8551188561289 49.45077413577437
148.82073130486253 29.149249483060597
115.99067805779717 58.90048663878576
39.620837241398135 33.98968603068086
35.17854378097676 39.50997113299643
103.39960061580919 59.02348221949273
153.37120327569005 20.69282098018138
35.41684337789497 15.007118428788685
42.95091365291221 48.42330358460504
42.998202665847444 47.918049505435036
37.836489894081865 18.538073245522728
147.53691112173158 20.612284014933145
140.76098013666567 48.81580649222919
53.35368587208971 47.625341071853306
39.199520185149325 43.73083502191301
130.3414799967164 55.94308145247175
42.97850380686551 32.24480449472473
30.1596779519632 34.02926928281173
135.34459790993162 41.618448306074
95.01347230893222 67.20843210447063
34.852508280924425 18.32363034304648
44.615490077628394 34.20118944977553
41.01709606259328 42.816845802230645
147.0872676420282 43.8725942763636
33.77536412094503 28.331702428203567
146.228993999257 49.47152666492916
39.1554863260226 31.9553695592466
70.17104934580536 59.4377957810456
59.272368070980846 53.85145671982649
30.832103635183078 29.91080133296164
149.07127111184872 45.66447587482391
43.94756526241591 50.37866528862282
41.667688623046544 39.05104954776392
34.94408020575022 42.74633063485669
106.46729133686895 67.73430792758104
55.353968954389345 53.55564987296522
70.11947861248794 64.31315029902731
107.33163608190677 68.14476999507113
41.01989112821139 26.166050416107055
37.95630917842446 23.59730681916421
65.09363953230692 60.75337762904234
76.82797739238318 57.11146755173515
39.359195342486885 25.439306072331885
121.43003730696945 63.308689912468566
90.02947632424988 69.76141755129514
43.42638434534318 37.63413466462235
159.77791308816137 18.18306330211321
