47.118193408441435 46.54192799336961
47.77368276864675 64.03967450197726
47.44823432434226 20.05293171318085
56.646366881354304 44.65325043005664
45.6608263170961 52.3176957340171
54.64595473813442 73.27117373198286
63.132730135973375 52.21014354887664
35.23356795310359 29.706752650245658
54.92684390422404 76.22161654408096
50.833137278067674 47.87353412458432
60.63552440801739 20.92909403982644
43.754453657108805 59.8072506518705
67.46808770758894 45.18740654689729
57.53199717375821 54.964268986568285
65.64653617407285 27.735555715036547
61.365013751707714 19.709592165497206
-2.398908444377035 37.86218543600995
31.683799073080106 67.52024486112813
63.2853179922579 25.618505174086096
66.94722846696001 29.955943515153006
48.275123073274315 44.122004440869354
52.288397149218426 66.37272623087534
62.76827581584887 56.99770203738417
62.99896195612597 59.56984075300237
37.460290695608 35.65257812366845
40.60063451727972 59.98652800953563
44.99768858005232 96.71508444961096
33.61414915627013 28.022508001956833
65.36947030939393 78.43699962686931
60.113853816785195 66.71634691935347
78.52689954884325 48.11945047967392
21.540821337220457 39.358469033625745
69.05791514633154 21.12643187843424
50.670626415745225 55.06474718684124
43.68815670372659 64.47263972736194
61.61559483053132 96.42817033801462
62.39935535546271 37.81193082713876
38.764048153319386 33.36837797515987
69.04547119631641 38.66334330372598
48.59478452598805 64.9860523857935
35.53074018697187 44.12684072764563
13.174274687921681 28.350427619225734
38.645271756163005 58.31521977033343
73.86986544886594 49.630663736725765
55.22728558399606 53.359387370944646
71.69482226907208 67.86710397476413
55.473866308150846 29.781113931093763
68.06770628689189 57.62094255911504
74.53883099428441 49.40186814637573
89.06201848967692 42.822473193563546
281.8612082852609 353.453569178217
239.67461981508995 316.14656381622814
246.97938896922327 392.69963078501553
266.32748993229455 370.6665159279801
202.48254853817605 371.3289261371012
261.11704821839686 333.5022114678402
237.45231267639207 349.9306864455926
284.49752526297465 318.3469790173303
241.4438993052743 390.8535425105175
241.07698401144498 339.0724557241718
251.95552694577353 312.7613187009291
254.39890860300025 313.71147209079095
267.7039662071629 350.0954246827397
295.668629336955 358.42521540593106
277.313789808655 310.9020808484791
247.55721312956268 359.6943696204231
284.914418367421 299.5725218593711
269.81239359617643 367.7406204144775
280.6709239147626 371.3715655423616
251.04142370207896 334.3505104874552
225.0364056431456 355.8626829470891
246.16606462009378 410.60802014238925
237.77950344030305 359.61175535615337
218.61997160648542 338.13612265021465
255.22295760182197 374.71880037558515
278.96203373656203 348.6755547101219
227.6551024187823 363.7355119847462
260.33974196827586 364.7497502851481
235.99424601650534 384.0015319276066
251.7579182180903 370.99473865147957
275.48146480188893 368.27816961697556
255.7303205596354 414.5838570530157
254.874060819443 341.12107301683756
252.2393407516606 394.48306005311406
252.374249737736 365.5813296541764
273.91462880664324 334.61424169319514
215.46860461492707 358.98269456649325
254.5946958904794 331.7596946431756
267.42172762084834 368.2270213095371
230.10015156801168 365.54655332063606
246.0779008219485 305.50924189378156
259.05900466131936 348.64356119961826
235.09434201620266 365.68836760690243
259.76186544384757 332.67388448167105
258.0070438106936 380.4519480857733
235.74666728628597 361.4267008220478
250.05511500962615 417.98030931952655
212.75394058443626 370.8585179421939
243.8750996043757 346.99407353510503
288.0317795276654 349.7428054621762
589.6377481510227 182.31408138345813
514.0204816539244 180.36609993300434
472.37247949528467 202.49932505806126
488.6971389860359 208.0996633594571
415.79888529103346 280.09870754438396
493.32012364874885 269.7162202493597
459.71551495574084 211.70142818897074
626.5976840590754 165.21083267574843
440.18800907566936 178.13961858653437
518.8995370929042 227.73360160245184
551.6146675208571 189.7195040642674
435.9099696199879 182.59880782099657
549.6089077920703 218.62650612685167
421.7224485849998 198.59793953247376
555.9267236528852 285.06192547801743
522.4674655513911 212.37209251198007
450.3917732805709 166.2702850412998
501.8766343002466 220.12790963254116
523.2073676447906 180.87165779463456
453.92231086305935 168.88872635600347
453.72102422960955 225.73636731055973
407.5087557581736 186.66887897562026
517.9951332840484 260.8805089865976
502.85198700203887 240.0513575805644
484.0398371287563 170.22384053871636
473.02427846250134 261.09343127607326
539.7688457559099 219.4959170585046
633.2107545424708 198.70634509895402
524.813986041152 212.30366210234044
491.1245723950336 292.64685391086067
560.2641921214845 144.0208146151778
484.0061471085914 217.13346153473148
531.3273286016819 146.0621172074648
409.7775365191279 123.74532124952871
497.1555414663512 195.8718728384129
513.8087750445806 169.21300888483768
451.0304929637575 119.07819769682602
513.1674943498974 214.80215833951107
539.7197468142284 231.6318275191693
492.3713767625223 253.97043851013942
494.545323538938 173.5665445472771
479.1768622678573 176.60753421178424
413.37053121998633 206.25304211943066
509.9954236704866 185.50936756471606
471.4463411965434 214.87215297421105
568.6748235019077 201.53020610019925
479.69465571161174 176.34211190308278
497.2097424741935 149.4093771583423
494.9895724720768 202.44729057347124
573.7871475106476 237.738950564535
