47.838645056331075 32.70963996684807
48.33026207648506 120.19837250988631
48.086175743256696 -99.73534143409574
54.984775161015726 23.26625215028318
46.745619737822075 61.58847867008551
53.48446605360081 166.35586865991428
59.849547601980035 61.05071774438319
38.92517596482769 -51.466236748771706
53.69513292816803 181.1080827204048
50.62485295855076 39.36767062292157
57.97664330601304 -95.3545298008678
45.315840242831605 99.03625325935248
63.1010657806917 25.937032734486458
55.64899788031865 74.82134493284144
61.73490213055463 -61.32222142481727
58.523760313780784 -101.45203917251396
10.700818666717225 -10.689072819950262
36.262849304810075 137.60122430564064
59.96398849419342 -71.90747412956952
62.71042135022 -50.22028242423498
48.70634230495574 20.610022204346784
51.716297861913816 131.8636311543767
59.576206861886654 84.98851018692088
59.74922146709448 97.84920376501184
40.595218021706 -21.737109381657746
42.95047588795979 99.93264004767815
46.248266435039234 283.5754222480548
37.7106118672026 -59.88745999021583
61.52710273204545 192.18499813434656
57.585390362588896 133.58173459676732
71.39517466163244 40.59725239836961
28.655616002915345 -3.2076548318712668
64.29343635974865 -94.36784060782881
50.50296981180892 75.32373593420618
45.26611752779494 122.36319863680966
58.711696122898495 282.1408516900731
59.29951651659703 -10.94034586430621
41.57303611498954 -33.15811012420066
64.28410339723732 -6.683283481370097
48.946088394491035 124.93026192896751
39.1480551402289 20.634203638228144
22.38070601594126 -58.247861903871325
41.483953817122256 91.57609885166715
67.90239908664945 48.15331868362884
53.92046418799704 66.79693685472321
66.27111670180406 139.33551987382066
54.10539973111313 -51.09443034453119
63.55077971516892 88.10471279557521
68.40412324571331 47.00934073187865
79.29651386725769 14.112365967817745
73.89590621394565 61.51189726072329
42.25596486131746 -62.84478727923954
47.73454172691745 192.3321026167184
62.24561744922092 118.8883864266003
14.361911403632035 121.09642045700387
58.337786163797624 -4.992628440532712
40.58923450729406 49.768954818641895
75.87314394723097 -55.51006994223245
43.582924478955725 186.1784750350584
43.30773800858374 13.574852413905987
51.46664520933015 -74.12893766356956
53.299181452250195 -70.96175969736348
63.27797465537217 50.31808227579896
84.25147200271626 78.08405135310348
70.48534235649123 -80.3263971717364
48.16790984717202 82.3145654014103
76.18581377556573 -118.09159380209638
64.85929519713234 109.13540138159165
73.00319293607195 121.23855180787204
50.781067776559226 -2.1649650418159325
31.2773042323592 69.54227649029704
47.12454846507033 252.02673380796418
40.83462758022729 82.03918452051127
26.464978704864055 10.453742167382146
53.91721820136649 132.3960012519505
71.72152530242151 45.58518236707307
33.241326814086705 95.785039949154
57.7548064762069 99.16583428382697
39.495684512379 163.33843975868876
51.318438663567726 119.98246217159857
69.11109860141671 110.92723205658513
54.29774041972656 265.2795235100524
53.65554561458225 20.40357672279186
51.67950556374545 198.2768668437135
51.780687303302 101.9377655139212
67.93597160498246 -1.285861022682944
24.10145346119532 79.9423152216441
53.44602191785953 -10.801017856081444
63.06629571563625 110.75673769845699
35.075113676008755 101.82184440212028
47.05842561646137 -98.30252702072809
56.79425349598953 45.47853733206091
38.82075651215199 102.29455868967483
57.321399082885684 -7.753718394429811
56.00528285802016 151.5064936192444
39.31000046471447 88.08900274015926
50.041336257219605 276.6010310650884
22.065455438327195 119.52839314064626
45.40632470328177 39.980245117016736
78.52383464574905 49.14268487392059
209.45662222653405 78.36778051879679
96.03072248088657 77.63728747487663
33.55871924292696 85.93724689677298
58.04570847905386 88.03737375979641
-51.30167206344983 115.037015329144
64.98018547312327 111.14358259350989
14.573272433611294 89.38803557086403
264.89652608861314 71.95406225340567
-14.717986386495937 76.8023569699504
103.34930563935634 95.40010060091944
152.4220012812856 81.14481402410027
-21.13504557001812 78.47455293287372
149.41336168810545 91.98493979756937
-42.416327122500206 84.47422732467766
158.8900854793278 116.89822205425652
108.70119832708664 89.63953469199254
0.5876599208562681 72.35135689048742
77.81495145036995 92.54796611220294
109.81105146718589 77.82687167298796
5.88346629458907 73.33327238350131
5.5815363444143316 94.6511377414599
-63.73686636273962 80.0008296158576
101.99269992607267 107.8301908699741
79.27798050305832 100.01925909271165
51.05975569313446 73.83394020201864
34.53641769375204 107.91003672852749
134.65326863386474 92.31096889693923
274.8161318137063 84.51487941210776
112.22097906172809 89.61387328837768
61.68685859255041 119.74257021657276
165.3962881822268 64.00780548069169
51.009220662887074 91.4250480755243
121.99099290252286 64.7732939527993
-60.333695221308176 56.404495468573266
70.73331219952686 83.45195231440483
95.71316256687086 73.45487833181413
1.5457394456362579 54.654324136309754
94.75124152484621 90.55080937731665
134.57962022134268 96.86193531968848
63.55706514378346 105.23891444130228
66.81798530840703 75.08745420522891
43.76529340178592 76.22782532941909
-54.94420317002047 87.3448907947865
89.99313550572995 79.56601283676852
32.169511794815115 90.57705736532914
178.01223525286144 85.57382728757472
44.54198356741762 76.12829196365604
70.81461371129026 66.02851643437836
67.48435870811522 85.91773396505171
185.68072126597139 99.15210646170063
137.0417541389928 74.3057718835114
115.19529259417459 67.90926288175125
93.7176418014522 91.28105890628288
29.01543503626582 114.99069707742234
109.04241976503978 56.45907545658237
108.17159319574851 78.88882271664988
75.08257294897811 91.98647186371275
98.43196003869252 54.41272985448077
5.500815383184943 96.58936237861887
153.07225495375744 113.54729329993751
183.1900943191863 54.16695093054281
121.16892725618705 56.25564698327345
171.81604371251973 88.80024104233073
6.529872721377657 115.14851420636711
113.6382522174523 56.632766665727914
92.60808704763724 74.0329013850193
81.67772879821437 78.02208078166954
157.40963317611926 63.65070417724638
94.04431009568498 112.21282510899965
25.382382061783716 88.15973014087328
87.12009845700463 74.65446716682118
113.87361736591515 86.45575422714845
18.373949713012593 111.43024157348276
122.49689979538815 82.49339582466203
36.79951395339221 73.2345606668421
148.85645835363314 82.80282648189177
102.56629223188534 82.23314948660597
111.98456818904148 83.26031304811175
120.83123234862416 82.25183635267706
124.77523782711131 95.08576164024457
68.00341196032916 72.1033413936012
18.59280056737167 73.88894769788844
15.930741402911416 97.98694631881077
72.20386124937583 108.55151466358795
211.75978966230838 85.36333706608355
-17.881032140602358 79.27819702689578
70.47909498501339 62.67336482270798
59.970403361816906 89.30419463712826
47.43432922815745 73.47361115630716
29.474594426231462 111.80025595539118
65.42123518213859 72.55104827974654
52.62609655829246 99.31515562068054
33.918717357446546 92.22770963997743
118.67309693398204 96.23676748301463
158.981680271799 76.74277030545389
142.96397173091984 73.10719600282945
51.207607380046475 102.94130759590547
124.3425241866706 85.0314632589761
3.5151704382073206 93.42489740639986
37.177638031006154 71.14172757685131
